$ANSIBLE_VAULT;1.1;AES256
37386463393366363365323063323238373232623739386664666537353038353264646131663134
6361326531636564653537333961396263356136383230350a653238313161333036663565313635
38396439333734353138373561626430663938633565626434663235323836316339336534363761
6664643065376165300a303639386630393931613438313664353963386536346630383037323361
66663533323963363334343563653530373662393237653930643938323135376632656434663262
61656364326436643930326165373662623966663737343937393063356661393538623866343962
36616566393164626632633337626464336636353636363465303433326263353739343233323434
66643233323766636536633535303464393165333265666532663736326633346532663562373261
32313065373736366164343532326632613465393136383262626233373633643736303864393738
39633562323832333434613836353536666637643763626638386334376434333432633932356164
61616537386566613339323732356435393663633732613564636666353062313833343664386265
35336135616331656433386463363138373538323464366539623131333464393236656233633035
38336665623737663538663130613263303134633066656564396635386132666134626132386333
65323832636364336139643563666261393531626335623436333336623230383363326533376131
65376163306263383466386639373535656436633130326531393134303664623432313563346535
35653138393935333336386136633432623662303239636230623761623766393130623230666130
32653330626462373730623361396638346266626233643161333535643534393163323432343637
35643535663631666264643062646332346233336363666135343333313064636264366536653031
61323634666262316532383835616435316166393332666631616339313365353239333132316565
35633632333764316161326538313233373066363762353538613737636464643632373361333830
36396263373263303330396465636534366536386163623032383334663832346537613263633830
35383537633736616632306665643330626532356663393233396237396164313532653732376636
34363031343930336634363765663732613864663338613530343932666137303430643632313632
35346233396338376637633362653438313239623366616335626534326334396538653866346364
66393532393631636332663361316430616130663332373439353338333131633265376161373361
38323839383836666565373131393165323263396332383464336362336538373233336465353234
62383633356138343161356361356164316436643335306364633031646461313133393936633236
38336334633737633738383865386463346266666138313366316630626461363865316433326139
34356239373663386363306663366264383062633531333663363736386332623062616331316237
32393662303362663664376132643739656638313234306565306332313139616337376633396461
34376463663061646262656639366236383330303336366335376433343032303931323564383734
36633233633136323732316363376162303562393533323732336132393363646666333136363033
36653266313561306164383133316236623161333439313038613761353033323031376262613438
63663861396166376166623337303132366663653236356462646537343131356364643339643436
35666366393861326536376136333536313465303733373362303932346165386266363539363436
64333664343962633139663762303839613166646266623430356231363437613966646634313530
35663363393766653831333164323438623836373863393761663834633135393638346664353766
36303731366566363964323862383031306565663763363338356332636165343630343735343533
30373638666132393766303431633861363163353635323862663139666361376134313130643266
31653430616338316339396534383836353834316536356331333333323331366630656531633231
33326363653938323236666663663336633265376533616238336338393537303336326661393033
31633264393131313631343733366263363434613637366532346532313030386235316564653464
35303535613161316565623436663232393664333863346639383734623364333637666632376664
38376235343566623966393364366364323138313962623730333233343435323132396266303432
32313535656332316139383638643165633866636132613430626366326438636162613638633764
63336539633531643131643636323366393630363038303266633234376535633161623731363335
30353535393562323033663136333430333135323661323336636239303337386265303130616534
64663932653932386261343962643364323632333363373930323330666363343337356339366530
65373662313337316531303564376661626133626336383162663338643432646562656332653330
62643562663237393638303737343835353930343233653666303837633165306465376666616539
35373731313035626562303631346563626133353161303865373530313334313435363034386165
33636261626439313463343134313265313962393738306535333137373631316331353630623362
62346636316634366133356562653863376631623037636230346530376537386564353666393933
32646666633832326162353166333536363235393337636137343266376132393732613465323933
37656239663163393338343230343833316364383438356564616231613066616466356438396132
35346662336237323332383361346466313262666337396338666637613666336162353535653632
34333032313766323630326361653030626666343632393633343239316638363962333664383763
30646266663764316133306534663764373439613738613465303039303231383662623136353431
38333930303461323234633664636636353461353338363232343861663631653265353931643666
61633237353937356334663061633961643533323731643264643165353235643738643864316639
31643335373135313538336239336533383238626362653266333636613963386635643238333838
64613936356331393536653733353137373339653632313739313732663438623932346666636566
63356361303835633633333034343335663136373832313133636334613161313164323963663464
62353163663066336631393832666365383633646464393166393166393264633861373634663232
31653939373836373732323965313237656564326162313032313430326233366335666333323039
61363835393736326562616162303636616632313231613462353364363435333364656363356435
37636333616337373337653761353839353238323939383833336430363739626338373238376363
30656235613533653438613132306363373563363631656335336532663261623637353464346238
39363033633333303763313032363336653738663664663534383338333665623739643439313536
30356363363235653036363338386364336130333238356235633666653332383766616366373436
30663064653834366134353264316162333165623766363766313532623630633336323231346165
33303766646462356363393134363732303936653666663337656435323330376162623630646333
38313139653132633634666231386563333433393237383039323334346535373237326130626563
33623035623330623037636236623130343735343630643138616365623632383133613661613835
66356666356361396637663838613831633762393961363530616539663931643662386230343937
66393634633861316363666661616164393433623232393963373932623334353836373138356638
32386339346232653638656538303237383935663832336439616263383134343336323063316635
38643139303338363465363266633632313966313734616639343562363166316236643239323364
63323836323936663766386266346664336366646637343735366238343633303666366565643531
61663666666661303736356134336437653665356633346438626336636163316538393364623536
62313739373234363734356335356230323064653038643533313562343535373965663938323135
39666565366566323339643733633536383137346139643437343562313639386466396536393932
36626134333633313462383036303637656465373363386632303763323436383761636562626338
37303035373930393133383733613331393538376432343434316537353132333838623835663135
36656436666234323935353063393938613365636366656533663465633065316635333163646431
36376437623839383362343136336234303832313934363836646462313764366266366535626637
62373166636231353863366264303262323965613364303031343533616331376261653365376166
39393935643861633436326665336532313439306562666534306532656164333332373033646336
33366337323830373838323437303165333036653762323435656232653039626361623931333765
37313831653337306430346633323561636632303830306366626363383535633330383061333163
39656462366532386435396365663031366634383932636634626562656363396362623361656239
31353164643434626563623334343761363537623561303261373335383832313337616666666533
61323939646531366662343233356538323431383530376264646133626465396431316233383933
63333035636661633438336233373338303731306636656465663661636266646138653932653739
37353161666466353034373234363832666433373631306639383266653936363961616135656536
63636437323866356262336638626337643663646538393938306237643363333135666533396233
36313836366239313538313461306637613437303461363462646566353035313432373566623339
32306236343233316262323430626531663135373030616438663933383630666236623364613135
37323231653336613836623134383665636630643261313338363963633630663065663737653436
33613831653064616561623265356461376631306136373363616563343237653163323235623630
63333030313963343739356538656266343364343838626665653835653363626134623737386438
63326165313561343331613466313331636636346464623530306166383038373065653139306535
37376534663538353235316631333036616536336332646233373761663039643935623034323030
37663632663434303136646237336666636365343462663364643735343132376339363365613861
38663665333935343031656237656236353630633438386331643138343433633138646434633937
64336439386162653466396436643530666230633236636136646364393737643839646433313039
64343261363361346563366166323330393835373166303933623737666133636433323035653163
62306135633633653935366162393634386132323762396338386533386562393734323766343839
33653530336131383332323761653065306438646364306362363838623739393564366466363732
32373032393761366339366234306165323265316537633835363830626530306336656433663836
37363465656264396130316339636634346237306435336433633463323362646532393130326436
64633763653032623366333335653837653030633761386137316132303164306263663834303130
37396265633366623433656532313232383839633966616237383764653263376634353832356638
39656561633839643266343763393839623431643663336338303236396630303461646639306262
35646531396635376530376437616332626265313930656265303166366437656338363964326439
64313735626265376239343437303432626630303562626266333561656139386336646636353764
32633135303363356236386166366566306464653762363630386433356238303136323761363638
32653763303666343134626531643362396466313937616539656361316333616238356130636439
33656165313464633763653833623238626364336161373639643032373133623366373138333563
30646434346335333361323133353938373435646139376639616131616563333632316161393836
31656462323634636136616535653936373161363162393162313132636163326532666662646562
35343062653436316262646133633130316639366430303534373864323830333765316262353531
32663633663530663365313361376264646463666238313130623736316465313764366431353535
33646132373536353432333036326235613535326464323937363231343762383234393738613831
61663831336430366135383466373065616434393336316636376465343237633364663039333066
62353738653236396339616263343336353939636336643538306438383664623664383966616366
34323239313830353065656566356366326331666264643362383762313033353061386237303835
62353034363130383039613730326539366539396361303434383562353931343364366466386232
65653264643230396133643831313334636263303838346636356161616439343337663663313663
31663535613765316263656664656664613038626432306434366330363132366663653034393739
61353064393565646538383264646133633633653661326331363234303664363038303062613662
61363630313230343231346364613561623963633263373739306637343565303065353531396263
61393534643832383439333030333334306635643566363365383438633964323331386231623961
6638613939353261343866313636653432303936343966663932
